00000000000000000000000000000000000000000000000000000000000000000000000000000000000000000000000000000000000000000000000000000000
00000000000000000000000000000000000000000000000000000000000000000000000000000000000000000000000000000000000000000000000000000000
00000000000000000000000000000000000000000000000000000000000000000000000000000000000000000000000000000000000000000000000000000000
00000000000000000000000000000000000000000000000000000000000000000000000000000000000000000000000000000000000000000000000000000000
00000000000000000000000000000000000000000000000000000000000000000000000000000000000000000000000000000000000000000000000000000000
00000000000000000000000000000000000000000000000000000000000000000000000000000000000000000000000000000000000000000000000000000000
00000000000000000000000000000000000000000000000000000000000000000000000000000000000000000000000000000000000000000000000000000000
00000000000111111111111111111111111111111111000000110000010000000000010000000000000000000000000000000110001000000110000000000000
00000000000111111111111111111111111111111111100000110000110000000000010000000000000000000000000000000110001100001110000000000000
00000000000111111111111111111111111111111111100000110000110000000000000000000000000000000000000000000000001000001000000000000000
00000000000111111111111111111111111111111111100000110000110000111000010011000010001110000011100111100010011110001110000000000000
00000000000111111111111111111111111111111111100000110000110011111100011011000110011111101111101111100110011110011111000000000000
00000000000111111111111111111111111111111111100000110000110011000110011011000110110001101100001000000110001100110001100000000000
00000000000111111111111111111111111111111111100000110000110011000110011011000110110001101100001110000110001100110011100000000000
00000000000111111111111111111111111111111111100000110000110011000110011001100100111111001100001111110110001100111111000000000000
00000000000111111111000000001111111111111111100000110000110011000110011001101100111100001100000000110110001100111100000000000000
00000000000111111111000000001111111111111111100000011000110011000110011000111100110000001100001000110110001100110001000000000000
00000000000111111111000000001111111111111111100000011111110011000110011000111000011111101100001111110110001110011111000000000000
00000000000111111111000000001111111111111111100000000110000001000100010000010000001110000100000111000010000110001110000000000000
00000000000111111111000000001111111111111111100000000000000000000000000000000000000000000000000000000000000000000000000000000000
00000000000111111111000000001111111111111111100000000000000000000000000000000000000000000000000000000000000000000000000000000000
00000000000111111111000000001111111111111111100000000000000000000000001000000100010000000000000000000000000000000000000000000000
00000000000111111111000000001111111111111111100000000001100000000000001100000110010001100000000000000000000000000000000000000000
00000000000111111111000000001111111111111111100000000001100000000000001100000000010001100000000000000000000000000000000000000000
00000000000111111111000000001111111111111111100000000101100001000000001100000000010001100000100000000000000000000000000000000000
00000000000111111111000000001111111111111111100000011111100111110000001100000110010001100011111000000000000000000000000000000000
00000000000111111111000000001111111111111111100000111011100110011000001100000110010001100111001100000000000000000000000000000000
00000000000111111111000000001111111111111111100000110001101100011000001100000110010001100110001100000000000000000000000000000000
00000000000111111111000000001111111111111111100000110001101101111000001100000110010001100110111000000000000000000000000000000000
00000000000111111111000000001111111111111111100000110001101111100000001100000110010001100111110000000000000000000000000000000000
00000000000111111111000000001111111111111111100000110001101100000000001100000110010001100110000000000000000000000000000000000000
00000000000111111111000000001111111100111111100000011111100111111000001111100110011101110011111100000000000000000000000000000000
00000000000111111111000000001111110001111111100000001111100011110000000111110100001100110001111000000000000000000000000000000000
00000000000111111111000000001111000000111111100000000000000000000000000000000000000000000000000000000000000000000000000000000000
00000000000111111111000000001100000000111111100000000000000000000000000000000000000000000000000000000000000000000000000000000000
00000000000111111111100000001100000011111111100000000000000000000000000000000000000000000000000000000000000000000000000000000000
00000000000011111111111000001100001111111111100000000110000011001000010000000100100110000000000000000000000000000000000000000000
00000000000011111111111111001100111111111111100000011110000110010010110011101001100100000000000000000000000000000000000000000000
00000000000011111111111111111111111111111111100000011110000011010011110011101001100010000000000000000000000000000000000000000000
00000000000001111111111111111111111111111111100000000110000011011010110011101101100110000000000000000000000000000000000000000000
00000000000000111111111111111111111111111111100000000110000000000000000000000000000000000000000000000000000000000000000000000000
00000000000000011111111111111111111111111111100000000110000000000000000000000000000000000000000000000000000000000000000000000000
00000000000000001111111111111111111111111111100000000110000011011000110010001000000000011000001100110000100110000000000000000000
00000000000000000111111111111111111111111111100000000110000110011000010110010011101100111010011110100101100100000000000000000000
00000000000000000011111111111111111110001111100000000110000110001000010110010011100110100110010011011001100110000000000000000000
00000000000000000000111111111111111000000001100000000110000011001000010111011010001010011001001100110001100110000000000000000000
00000000000000000000000111111111000000000000000000000000000000000000000000000000000000000000000000000000000000000000000000000000
00000000000000000000000000000000000000000000000000000000000000000000000000000000000000000000000000000000000000000000000000000000
00000000000000000000000000000000000000000000000000000000000000000000000000000000000000000000000000000000000000000000000000000000
00000000000000000000000000000000000000000000000000000000000000000000000000000000000000000000000000000000000000000000000000000000
00000000000000000000000000000000000000000000000000000000000000000000000000000000000000000000000000000000000000000000000000000000
00000000000000000000000000000000000000000000000000000000000000000000000000000000000000000000000000000000000000000000000000000000
00000000000000000000000000000000000000000000000000000000000000000000000000000000000000000000000000000000000000000000000000000000
00000000000000000000000000000000000000000000000000000000000000000000000000000000000000000000000000000000000000000000000000000000
